1 0 0 0 5 0 5 0 -1 0 1
2 5 0 0 5 4 5 1 0 0 1
3 5 4 0 25 4 5 0 -1 0 1
4 25 4 0 25 49 5 1 0 0 1
5 25 49 0 70 49 5 0 -1 0 1
6 70 49 0 70 79 5 1 0 0 1
7 70 79 0 45 79 5 0 1 0 1
8 45 79 0 45 67 5 -1 0 0 1
9 45 67 0 30 67 5 0 1 0 1
10 30 67 0 30 79 5 1 0 0 1
11 30 79 0 10 79 5 0 1 0 1
12 10 79 0 10 59 5 -1 0 0 1
13 10 59 0 5 59 5 0 1 0 1
14 5 59 0 5 54 5 -1 0 0 1
15 5 54 0 2.5 54 5 0 1 0 1
16 2.5 54 0 2.5 44 5 -1 0 0 1
17 2.5 44 0 5 44 5 0 -1 0 1
18 5 44 0 5 39 5 -1 0 0 1
19 5 39 0 0 39 5 0 1 0 1
20 0 39 0 0 0 5 -1 0 0 1